// Job-specific Stat Bonuses Database
//
// Structure of Database:
// JobID,JobLv1,JobLv2,JobLv3,...
//
// Legend for 'JobLvN' fields:
//  0 = No stat bonus at this job level
//  1 = STR increased by 1 at this job level
//  2 = AGI increased by 1 at this job level
//  3 = VIT increased by 1 at this job level
//  4 = INT increased by 1 at this job level
//  5 = DEX increased by 1 at this job level
//  6 = LUK increased by 1 at this job level
//
// Novice
0,0,0,0,0,0,0,0,0,0
// Swordman
SW,0,1,0,0,0,3,0,0,0,5,0,0,0,1,0,0,0,3,0,0,0,5,0,0,0,6,0,0,0,2,0,0,1,0,0,5,0,3,0,1,0,3,0,6,0,2,1,0,1,1
// Magician
MA,0,4,0,0,0,5,0,0,0,5,0,0,0,4,0,0,0,2,0,0,0,4,0,0,0,2,0,0,0,6,0,0,4,0,0,5,0,4,0,2,0,6,0,4,0,4,2,0,6,4
// Archer
AR,0,5,0,0,0,1,0,0,0,4,0,0,0,5,0,0,0,5,0,0,0,6,0,0,0,2,0,0,0,5,0,0,2,0,0,5,0,1,0,1,0,5,0,6,0,3,4,0,2,5
// Acolyte
AC,0,6,0,0,0,3,0,0,0,4,0,0,0,5,0,0,0,6,0,0,0,2,0,0,0,1,0,0,0,3,0,0,4,0,0,5,0,6,0,2,0,1,0,3,0,4,5,0,1,6
// Merchant
ME,0,3,0,0,0,5,0,0,0,1,0,0,0,5,0,0,0,3,0,0,0,1,0,0,0,4,0,0,0,3,0,0,0,0,0,6,0,5,0,1,2,5,0,1,0,6,3,0,1,5
// Thief
TH,0,2,0,0,0,1,0,0,0,5,0,0,0,3,0,0,0,4,0,0,0,5,0,0,0,6,0,0,0,1,0,0,2,0,0,1,0,2,0,6,0,5,0,3,0,6,1,0,5,2
// Knight
KN,3,0,3,1,6,0,0,3,0,1,5,3,2,0,1,0,3,3,5,6,1,0,3,0,0,0,1,6,3,0,5,0,1,0,0,3,6,2,0,5,0,0,3,0,0,1,1,5,5,0
// Priest
PR,6,0,6,1,0,2,3,4,4,6,1,0,0,3,5,0,1,0,0,5,6,4,0,0,5,0,1,0,2,0,6,5,0,3,1,3,2,0,6,0,0,4,4,0,3,0,0,2,0,6
// Wizard
WI,4,5,0,4,5,2,0,0,4,2,0,1,5,0,6,0,0,4,0,0,0,4,0,2,0,5,0,0,4,0,4,5,4,2,0,6,0,3,5,4,2,0,2,0,4,2,2,4,0,4
// Blacksmith
BL,5,0,1,5,5,0,3,1,0,5,6,5,3,0,0,1,0,0,5,3,4,0,1,0,0,5,0,5,2,0,1,3,0,4,0,5,3,2,5,5,0,0,0,1,0,6,5,0,3,0
// Hunter
HU,5,0,4,5,1,0,6,5,0,1,1,2,0,5,6,0,3,0,2,2,5,3,0,0,0,0,5,0,6,0,2,0,5,4,0,0,0,5,2,0,4,6,5,1,0,4,2,0,5,0
// Assassin
AS,2,2,2,4,0,3,0,3,5,0,1,0,0,4,2,2,2,2,2,2,2,0,0,5,1,0,1,0,0,5,5,1,0,0,0,0,0,4,0,5,5,4,0,0,1,5,0,1,0,5
// Crusader
CR,6,6,6,6,6,0,1,0,4,0,1,3,0,5,3,0,1,0,0,4,4,3,1,0,1,0,0,5,0,2,0,1,0,5,4,2,0,4,0,3,3,0,0,4,0,3,0,1,0,3
// Monk
MO,1,1,0,5,2,0,3,0,0,2,0,1,1,0,6,4,0,2,0,3,2,5,2,0,3,1,1,0,0,5,0,6,3,0,2,0,0,4,0,6,3,0,5,2,0,3,0,0,1,1
// Sage
SA,4,0,2,3,0,2,0,4,0,0,3,0,2,0,4,0,6,3,0,5,0,2,0,4,5,0,5,0,0,4,0,5,2,0,6,0,4,4,5,6,0,1,0,1,4,1,1,1,0,4
// Rogue
RO,2,3,5,0,1,3,2,0,3,0,5,0,0,3,3,2,0,5,0,5,0,0,2,0,1,3,1,0,2,1,0,0,5,5,0,1,0,4,2,0,0,1,4,0,2,0,4,4,0,5
// Alchemist
AL,4,5,5,0,0,1,0,5,4,0,2,0,5,2,1,0,4,0,5,3,5,0,4,4,5,1,0,5,4,0,3,5,0,1,0,3,0,4,0,2,0,0,1,0,2,0,0,0,2,2
// Bard
BA,5,2,1,0,4,6,5,0,6,2,2,0,4,0,5,5,3,0,5,6,4,0,0,2,0,0,0,1,0,2,0,5,3,0,2,0,0,5,0,4,6,0,3,0,0,5,4,2,0,5
// Dancer
DA,6,2,1,0,4,5,6,0,5,2,2,0,4,0,6,5,3,0,6,5,4,0,0,2,0,0,0,1,0,2,0,6,3,0,2,0,0,6,0,4,5,0,3,0,0,6,4,2,0,6

// Lord Knight
LK,1,2,6,5,3,1,1,1,6,5,4,3,2,1,2,3,5,5,3,2,2,1,4,5,2,1,1,2,3,5,3,1,1,1,1,1,1,5,3,1
// High Priest
HP,1,2,3,4,5,6,5,4,4,4,3,2,1,3,3,4,5,5,5,4,1,2,3,4,3,5,1,1,2,4,5,5,3,4,4,2,2,1,5,4
// High Wizard
HW,4,5,4,2,6,3,1,4,5,3,2,1,2,3,4,5,6,2,3,4,5,5,2,4,4,5,4,4,4,4,4,4,4,4,4,5,5,5,3,4
// Whitesmith
WH,5,1,2,3,4,6,5,6,4,3,1,2,1,2,3,4,5,6,6,5,4,3,2,1,1,2,3,4,5,6,1,2,2,1,6,5,5,5,5,5
// Sniper
SN,5,2,1,3,4,6,5,2,4,1,6,6,5,5,5,4,2,2,2,2,2,2,4,5,5,5,5,5,5,5,2,6,6,6,6,5,2,2,6,5
// Assassin Cross
AC,1,2,3,4,5,6,6,5,4,3,2,1,2,2,1,4,2,4,1,1,1,1,5,6,5,6,5,6,4,5,5,1,1,2,2,2,2,2,2,2
// Paladin
PA,3,1,2,4,5,6,2,1,3,3,4,5,6,1,2,3,4,5,1,2,3,4,5,3,4,1,2,3,5,1,1,3,4,5,1,2,5,3,4,3
// Champion
CH,1,2,3,4,5,6,6,5,4,3,2,1,1,1,4,5,5,5,5,1,2,3,3,1,2,1,3,1,4,4,3,5,5,5,4,4,3,2,5,1
// Professor
PR,1,2,3,4,5,6,5,4,4,4,3,2,1,3,3,4,5,5,5,4,1,2,3,4,3,5,1,1,2,4,5,5,3,5,5,2,2,1,5,4
// Stalker
ST,1,2,3,4,5,6,6,5,4,3,2,1,2,2,1,4,2,4,1,1,1,1,5,6,5,6,5,6,4,5,5,1,1,2,2,2,2,2,2,2
// Creator
CR,5,4,5,4,6,3,2,1,1,2,4,5,6,5,6,4,4,1,1,5,5,5,6,6,6,6,4,6,6,6,5,5,5,4,2,2,3,2,5,5
// Clown
CL,5,4,5,4,2,1,2,3,6,5,1,2,5,6,1,2,4,5,5,2,1,4,4,5,1,1,1,2,2,2,2,2,5,5,5,5,5,5,2,5
// Gypsy
GY,5,1,2,3,4,6,5,4,5,2,1,2,2,5,6,5,2,1,5,5,5,5,1,2,2,2,2,2,4,5,5,5,5,5,5,2,1,4,3,5